159 1
265 1
323 1
410 1
692 1
993 1
1012 1
1079 1
1724 1
1995 1
2329 1
2775 1
2923 1
3246 1
4024 1
5452 1
6065 1
8218 1
10177 1
10606 1
10776 1
11173 1
11325 1
11783 1
12055 1
12241 1
13380 1
15357 1
15638 1
20423 1
21410 1
24595 1
24733 1
28105 1
33893 1
37446 1
38514 1
41320 1
49035 1
61684 1
61855 2
64761 1
67882 1
85116 2
95054 1
95084 1
95093 1
95261 1
95263 1
95282 1
95705 1
95722 1
95848 1
95881 1
95886 1
96299 1
96357 1
96531 1
96703 1
96891 1
96955 1
97922 2
98298 1
98318 1
98321 1
98323 2
98387 1
98435 1
99084 1
99142 1
99496 1
99505 1
99859 1
99862 1
99881 1
100391 1
100438 1
100447 1
100628 1
100629 1
100717 1
100811 1
100825 1
101310 1
101369 1
101371 2
102192 1
102214 1
102284 2
102411 1
102433 1
102485 1
102501 1
102540 1
103333 1
103422 1
103423 1
103452 1
103475 2
103514 1
103536 2
103602 2
103603 1
103891 2
104326 1
104422 1
104425 1
104433 1
104474 1
104743 1
105322 1
105567 1
105571 1
105572 1
105585 1
105744 1
105782 1
105783 1
105834 1
105919 1
105940 1
105966 1
106025 1
106072 1
106116 1
106170 1
106221 2
106233 1
106234 1
106257 1
106273 1
106436 2
106526 1
106549 1
106550 1
106612 1
106614 1
106620 1
106693 1
106704 1
106896 1
106901 1
106927 1
106947 1
107036 1
107072 1
107440 1
108104 1
108809 1
108810 1
108886 1
109641 1
109695 1
109960 1
115386 1
120561 1
120562 1
120567 1
120594 1
120648 1
121019 1
122315 1
131790 2
132752 1
135842 1
136286 1
140677 1
140854 1
142715 1
148517 1
148833 1
150310 2
150571 1
152603 1
152676 1
153378 1
154043 2
154377 1
155009 2
155396 2
155425 1
158446 1
159036 1
159309 1
159398 1
159535 1
159919 1
159956 1
160824 1
161298 1
161864 1
162800 1
162873 1
163147 2
163285 1
163361 1
163382 1
163405 1
163411 1
163475 1
163494 1
164209 1
164836 1
164867 1
165302 1
165338 2
165714 1
166180 1
166815 1
167248 1
168561 1
169674 1
169709 1
169793 1
170007 1
170046 1
170366 1
170636 1
171225 1
172059 1
172067 1
172225 1
173507 1
173560 1
173563 1
173565 1
173828 1
174092 1
174114 1
174131 1
174694 1
175034 1
175212 1
175235 1
175278 1
175287 1
175298 1
175305 1
175434 1
175845 1
176307 1
176350 1
176576 1
176645 1
176963 1
176974 1
176983 1
178055 1
178249 1
178288 1
179389 1
179891 1
179930 1
179938 1
180012 1
180013 1
180143 1
180237 1
180442 1
181085 1
181483 1
181673 1
181808 1
182075 1
182185 1
182311 1
182380 2
182531 1
182805 1
182915 1
183387 1
183753 1
183760 1
184166 1
184401 1
184516 1
188092 1
188136 1
188139 1
188150 1
188555 1
188618 1
188845 1
189000 1
189458 1
